5.295000000000000284e+01 0.000000000000000000e+00 0.000000000000000000e+00
5.610000000000000142e+01 0.000000000000000000e+00 0.000000000000000000e+00
5.890000000000000568e+01 0.000000000000000000e+00 0.000000000000000000e+00
6.170000000000000284e+01 0.000000000000000000e+00 0.000000000000000000e+00
6.500000000000000000e+01 0.000000000000000000e+00 0.000000000000000000e+00
6.885000000000000853e+01 0.000000000000000000e+00 0.000000000000000000e+00
7.095000000000000284e+01 0.000000000000000000e+00 0.000000000000000000e+00
7.470000000000000284e+01 0.000000000000000000e+00 0.000000000000000000e+00
7.815000000000000568e+01 0.000000000000000000e+00 0.000000000000000000e+00
8.165000000000000568e+01 0.000000000000000000e+00 0.000000000000000000e+00
8.550000000000000000e+01 0.000000000000000000e+00 0.000000000000000000e+00
8.930000000000001137e+01 0.000000000000000000e+00 0.000000000000000000e+00
9.295000000000000284e+01 0.000000000000000000e+00 0.000000000000000000e+00
9.655000000000001137e+01 0.000000000000000000e+00 0.000000000000000000e+00
9.970000000000000284e+01 0.000000000000000000e+00 0.000000000000000000e+00
1.015000000000000000e+02 0.000000000000000000e+00 0.000000000000000000e+00
1.039500000000000028e+02 0.000000000000000000e+00 0.000000000000000000e+00
1.067500000000000000e+02 0.000000000000000000e+00 0.000000000000000000e+00
1.093500000000000085e+02 0.000000000000000000e+00 0.000000000000000000e+00
1.125500000000000114e+02 0.000000000000000000e+00 0.000000000000000000e+00
1.162500000000000000e+02 0.000000000000000000e+00 0.000000000000000000e+00
1.197500000000000000e+02 0.000000000000000000e+00 0.000000000000000000e+00
1.225500000000000114e+02 0.000000000000000000e+00 0.000000000000000000e+00
1.250000000000000000e+02 0.000000000000000000e+00 0.000000000000000000e+00
1.273000000000000114e+02 0.000000000000000000e+00 0.000000000000000000e+00
1.307000000000000171e+02 0.000000000000000000e+00 0.000000000000000000e+00
1.340999999999999943e+02 0.000000000000000000e+00 0.000000000000000000e+00
1.381500000000000057e+02 0.000000000000000000e+00 0.000000000000000000e+00
1.414500000000000171e+02 0.000000000000000000e+00 0.000000000000000000e+00
1.444500000000000171e+02 0.000000000000000000e+00 0.000000000000000000e+00
1.464000000000000057e+02 0.000000000000000000e+00 0.000000000000000000e+00
1.500999999999999943e+02 0.000000000000000000e+00 0.000000000000000000e+00
