5.120000000000000284e+01 0.000000000000000000e+00 0.000000000000000000e+00
5.250000000000000000e+01 0.000000000000000000e+00 0.000000000000000000e+00
5.380000000000000426e+01 0.000000000000000000e+00 0.000000000000000000e+00
5.495000000000000284e+01 0.000000000000000000e+00 0.000000000000000000e+00
5.610000000000000142e+01 0.000000000000000000e+00 0.000000000000000000e+00
5.715000000000000568e+01 0.000000000000000000e+00 0.000000000000000000e+00
5.800000000000000000e+01 0.000000000000000000e+00 0.000000000000000000e+00
5.895000000000000284e+01 0.000000000000000000e+00 0.000000000000000000e+00
6.010000000000000142e+01 0.000000000000000000e+00 0.000000000000000000e+00
6.100000000000000000e+01 0.000000000000000000e+00 0.000000000000000000e+00
6.190000000000000568e+01 0.000000000000000000e+00 0.000000000000000000e+00
6.305000000000000426e+01 0.000000000000000000e+00 0.000000000000000000e+00
6.435000000000000853e+01 0.000000000000000000e+00 0.000000000000000000e+00
6.585000000000000853e+01 0.000000000000000000e+00 0.000000000000000000e+00
6.710000000000000853e+01 0.000000000000000000e+00 0.000000000000000000e+00
6.845000000000000284e+01 0.000000000000000000e+00 0.000000000000000000e+00
6.960000000000000853e+01 0.000000000000000000e+00 0.000000000000000000e+00
7.060000000000000853e+01 0.000000000000000000e+00 0.000000000000000000e+00
7.150000000000000000e+01 0.000000000000000000e+00 0.000000000000000000e+00
7.279999999999999716e+01 0.000000000000000000e+00 0.000000000000000000e+00
7.410000000000000853e+01 0.000000000000000000e+00 0.000000000000000000e+00
7.529999999999999716e+01 0.000000000000000000e+00 0.000000000000000000e+00
7.620000000000000284e+01 0.000000000000000000e+00 0.000000000000000000e+00
7.705000000000001137e+01 0.000000000000000000e+00 0.000000000000000000e+00
7.810000000000000853e+01 0.000000000000000000e+00 0.000000000000000000e+00
7.925000000000000000e+01 0.000000000000000000e+00 0.000000000000000000e+00
8.025000000000000000e+01 0.000000000000000000e+00 0.000000000000000000e+00
8.150000000000000000e+01 0.000000000000000000e+00 0.000000000000000000e+00
8.255000000000001137e+01 0.000000000000000000e+00 0.000000000000000000e+00
8.365000000000000568e+01 0.000000000000000000e+00 0.000000000000000000e+00
8.470000000000000284e+01 0.000000000000000000e+00 0.000000000000000000e+00
8.565000000000000568e+01 0.000000000000000000e+00 0.000000000000000000e+00
8.665000000000000568e+01 0.000000000000000000e+00 0.000000000000000000e+00
8.785000000000000853e+01 0.000000000000000000e+00 0.000000000000000000e+00
8.915000000000000568e+01 0.000000000000000000e+00 0.000000000000000000e+00
9.005000000000001137e+01 0.000000000000000000e+00 0.000000000000000000e+00
9.105000000000001137e+01 0.000000000000000000e+00 0.000000000000000000e+00
9.200000000000000000e+01 0.000000000000000000e+00 0.000000000000000000e+00
9.315000000000000568e+01 0.000000000000000000e+00 0.000000000000000000e+00
9.470000000000000284e+01 0.000000000000000000e+00 0.000000000000000000e+00
9.585000000000000853e+01 0.000000000000000000e+00 0.000000000000000000e+00
9.670000000000000284e+01 0.000000000000000000e+00 0.000000000000000000e+00
9.805000000000001137e+01 0.000000000000000000e+00 0.000000000000000000e+00
9.935000000000000853e+01 0.000000000000000000e+00 0.000000000000000000e+00
1.002500000000000000e+02 0.000000000000000000e+00 0.000000000000000000e+00
1.015500000000000114e+02 0.000000000000000000e+00 0.000000000000000000e+00
1.024500000000000028e+02 0.000000000000000000e+00 0.000000000000000000e+00
1.033500000000000085e+02 0.000000000000000000e+00 0.000000000000000000e+00
1.043500000000000085e+02 0.000000000000000000e+00 0.000000000000000000e+00
1.053500000000000085e+02 0.000000000000000000e+00 0.000000000000000000e+00
1.065000000000000000e+02 0.000000000000000000e+00 0.000000000000000000e+00
1.076500000000000057e+02 0.000000000000000000e+00 0.000000000000000000e+00
1.088000000000000114e+02 0.000000000000000000e+00 0.000000000000000000e+00
1.098000000000000114e+02 0.000000000000000000e+00 0.000000000000000000e+00
1.110000000000000000e+02 0.000000000000000000e+00 0.000000000000000000e+00
1.123500000000000085e+02 0.000000000000000000e+00 0.000000000000000000e+00
1.136500000000000057e+02 0.000000000000000000e+00 0.000000000000000000e+00
1.146000000000000085e+02 0.000000000000000000e+00 0.000000000000000000e+00
1.157500000000000000e+02 0.000000000000000000e+00 0.000000000000000000e+00
1.167500000000000000e+02 0.000000000000000000e+00 0.000000000000000000e+00
1.175500000000000114e+02 0.000000000000000000e+00 0.000000000000000000e+00
1.190000000000000000e+02 0.000000000000000000e+00 0.000000000000000000e+00
1.200500000000000114e+02 0.000000000000000000e+00 0.000000000000000000e+00
1.214000000000000057e+02 0.000000000000000000e+00 0.000000000000000000e+00
1.223000000000000114e+02 0.000000000000000000e+00 0.000000000000000000e+00
1.231000000000000085e+02 0.000000000000000000e+00 0.000000000000000000e+00
1.240500000000000114e+02 0.000000000000000000e+00 0.000000000000000000e+00
1.251500000000000057e+02 0.000000000000000000e+00 0.000000000000000000e+00
1.263500000000000085e+02 0.000000000000000000e+00 0.000000000000000000e+00
1.272500000000000000e+02 0.000000000000000000e+00 0.000000000000000000e+00
1.282500000000000000e+02 0.000000000000000000e+00 0.000000000000000000e+00
1.294000000000000057e+02 0.000000000000000000e+00 0.000000000000000000e+00
1.305500000000000114e+02 0.000000000000000000e+00 0.000000000000000000e+00
1.318000000000000114e+02 0.000000000000000000e+00 0.000000000000000000e+00
1.330000000000000000e+02 0.000000000000000000e+00 0.000000000000000000e+00
1.340500000000000114e+02 0.000000000000000000e+00 0.000000000000000000e+00
1.351500000000000057e+02 0.000000000000000000e+00 0.000000000000000000e+00
1.360999999999999943e+02 0.000000000000000000e+00 0.000000000000000000e+00
1.370500000000000114e+02 0.000000000000000000e+00 0.000000000000000000e+00
1.379500000000000171e+02 0.000000000000000000e+00 0.000000000000000000e+00
1.387500000000000000e+02 0.000000000000000000e+00 0.000000000000000000e+00
1.400500000000000114e+02 0.000000000000000000e+00 0.000000000000000000e+00
1.409500000000000171e+02 0.000000000000000000e+00 0.000000000000000000e+00
1.417500000000000000e+02 0.000000000000000000e+00 0.000000000000000000e+00
1.429500000000000171e+02 0.000000000000000000e+00 0.000000000000000000e+00
1.440000000000000000e+02 0.000000000000000000e+00 0.000000000000000000e+00
1.450500000000000114e+02 0.000000000000000000e+00 0.000000000000000000e+00
1.461500000000000057e+02 0.000000000000000000e+00 0.000000000000000000e+00
1.473499999999999943e+02 0.000000000000000000e+00 0.000000000000000000e+00
